num_trials = 
1  1  1  1  1  1  1  1  1  1  1  1  1  1  1  1  1  1  1  1  1  1  1  1  1
1  1  1  1  1  1  1  2  2  2  2  2  2  2  2  2  2  2  2  2  2  2  2  2  2
2  2  2  2  2  2  2  2  2  2  2  2  2  3  3  3  3  3  3  3  3  3  3  3  3
3  3  3  3  3  3  3  3  3  3  3  3  3  3  4  4  4  4  4  4  4  4  4  4  4
4  4  5  5  5  5  5  5  5  5  5  5  5  5  5  5  5  5  5  5  5  6  6  6  6
6  6  6  6  6  6  6  6  6  6  6  6  6  7  7  7  7  7  7  7  7  7  8  8  8
8  8  8  9  9  9  9 10 10 10 11 11 11 12 12 12 12 13 13 13 15 16 16 17 18
19 19 22 38


means = 4.7  3.7 11.3  3.9  5.4  4.8  4.3  9.1  4.9  5.2  4.1  4.0  5.2  3.9

sds = 3.198  3.710 10.330  2.230  3.130  2.780  2.940  7.600  2.100  6.840  2.840  4.500  2.400  3.140
